
15233.507
40498.527
42354.785
46387.457
50919.473
54954.938
60935.49
70288.83
86186.88
102563.555
119382.16
152417.88
209320.16
297696.78
523942.53
2009998.3
1181525.8
469325.97
295933.84
220504.75
181485.98
147645.98
124199.71
111633.5
103121.14
93715.055
84903.55
78783.94
70962.61
67146.234
63151.203
60157.27
57840.62
55368.695
53868.38
51813.145
49868.15
49782.723
44743.5
42499.43
40347.24
38593.17
39173.777
38686.56
35866.258
35161.094
35689.492
33646.4
35552.813
33087.71
31214.484
30693.453
29078.879
28902.744
29529.568
29644.652
29949.986
27430.422
28325.88
27340.191
28024.738
26527.56
26202.277
24634.463
24669.395
26435.02
24254.645
24653.299
25052.697
26297.443
24969.732
25942.115
23578.89
22244.602
21698.727
22759.643
21561.924
24893.436
20651.264
21007.854
21495.908
19500.875
22634.334
19929.418
19736.838
22509.79
18076.66
21023.262
19490.959
21767.023
16744.482
21631.828
17480.781
20791.553
20380.98
17398.01
18524.873
18166.652
19921.996
18894.951
18294.62
18880.186
17705.41
17236.701
18076.613
15475.042
17914.236
15697.134
17312.98
18480.525
15347.413
15688.015
18280.984
17497.883
17184.201
16218.715
16634.363
17851.426
17508.74
16924.121
17586.701
17172.479
17556.256
17003.203
18564.52
16008.66
16268.279
18360.635
