
3806.0598
2440179.5
2249079.5
1974293.3
1677411.1
1247910.5
847364.06
436274.47
81424.59
210434.63
417782.03
516409.5
542366.4
494965.7
403678.44
240858.31
80470.04
74005.17
208312.17
285685.56
336283.03
323759.97
267837.44
194769.28
82568.81
26292.857
120000.2
204574
237094.03
243328.36
220071.44
161767.89
85767.74
4387.894
83591.484
144572.16
199927.75
212403.89
197969.86
152293
93211.52
15656.757
55604.203
120285.52
167435.17
193542.13
186552.92
153249.92
100865.32
30226.229
38050.367
105642.35
155016.95
194814.08
196644.23
163584.8
113672.14
50704.332
26724.44
103224.52
165551.56
208233.61
218668.14
207006.44
151109.75
75201.54
15251.807
113931.73
207374.53
273484.16
315621.1
311903.8
257090.55
155647.25
12639.989
186949.73
408456.47
621512.6
865702.6
1069178
1303249.8
1617474.6
8938514
899696.8
969178.06
907330.94
809756.1
616279
432520.2
239249.39
75094.68
68488.22
171242.89
229814.66
247952.97
235157.16
200745.58
125818.61
54854.01
18214.479
77947.06
123099.21
144824.1
148996.11
127799.305
97025.805
52472.883
7606.9087
49065.168
79468.1
104059.22
110236.23
104433.21
78316.23
50632.277
13057.348
26456.81
56887.35
80377.28
88546.5
84223.16
68764.44
44459.793
18201.137
14291.274
39343.543
60768.105
69690.53
73126.09
60869.15
47596.125
25447.188
10054.258
27447.164
48864.22
60121.215
63223.17
60326.74
44877.266
27734.615
5558.7363
18702.941
41182.586
52300.137
57337.41
56300.19
43880.945
27849.39
9581.674
12394.79
30844.191
45760.64
53142.523
52331.074
43678.387
29522.58
14989.425
8369.216
24034.55
39869.746
46642.727
51224.703
46436.14
32126
15201.954
7377.996
16781.45
30590.637
43613.473
47166.664
41201.867
32032.861
20264.803
6954.324
13679.282
26934.365
35351.758
43264.363
40720.61
32392.104
22969.227
7360.2417
8768.209
21798.12
31967.213
39069.586
39499.97
34515.516
22469.086
12980.538
5558.4087
19794.826
26231.328
35061.41
38917.7
30487.861
26307.266
15701.819
4554.5903
14469.12
24954.63
27958.096
34547.39
34320.76
27902.43
16601.48
7653.716
7241.9106
22935.64
31663.512
32936.785
30771.668
29083.807
19801.605
10221.489
8494.054
17562.146
26453.076
29959.049
33361.42
30498.168
24007.564
12143.048
6809.5215
12473.959
26791.55
29395.373
30870.025
29308.348
19104.223
13670.784
3837.8997
8878.217
19534.158
26843.65
33367.586
26974.809
24587.754
15399.703
6560.568
7415.6577
17397.215
24067.873
28154.492
29632.955
27209.318
14459.867
9765.114
4205.2974
14701.956
23429.611
28029.232
28807.514
25534.66
21052.115
10453.855
5339.753
10578.664
20248.678
26283.822
28719.006
25252.479
18696.209
10374.673
6975.1216
10278.509
16464.578
24446.387
27333.676
24476.139
25151.307
14373.312
4703.8955
6548.674
16666.059
18875.021
26580.58
27108.05
23172.084
15720.36
8136.563
5050.4263
16423.457
14499.353
28701.191
25956.15
24597.543
16478.893
9372.401
5342.032
8102.0273
14570.902
23774.09
26667.62
25149.008
20638.049
12291.878
2410.3608
7610.945
16161.195
22164.125
21624.818
26473.96
20485.68
14572.954
6632.2114
9203.927
13025.546
15760.617
27102.18
24453.844
19320.191
16102.385
10893.071
2964.7605
8305.373
21023.293
26356.049
23479.414
24455.205
13184.641
6850.703
3786.8308
7263.5977
17094.035
20772.074
24511.314
24703.633
13829.662
11955.068
7479.4614
6453.7354
16020.114
15229.685
19241.77
25522.693
20661.758
13704.897
6209.988
898.15753
15806.031
18234
18111.955
26344.39
17790.133
12847.6045
7997.0835
5064.1553
8416.11
16254.017
21625.082
24832.39
21166.545
14718.832
8355.578
3637.377
10203.602
12846.399
18951.938
17678.027
22444.068
13935.869
12794.183
6223.888
7655.635
10174.748
18778.729
15766.837
25084.043
21785.168
13226.962
6840.0894
4625.09
6982.379
15292.92
22453.645
23304.852
18443.566
13325.416
8362.898
1772.0215
6573.564
11107.6455
20541.008
25024.883
18280.98
16481.508
13492.443
780.7275
9055.954
14337.7705
19122.729
25624.066
15286.99
15465.892
10187.329
3792.9512
9165.287
12057.494
18229.697
16379.685
24412.227
15590.352
13260.366
1881.685
2317.3577
12123.23
20145.102
17574.086
18949.84
20460
12082.212
8571.005
3496.7563
7842.153
12617.083
19087.932
19193.686
19098.04
17611.168
5712.6606
6510.1255
9983.955
15251.363
23544.59
24268.236
20831.848
14101.236
8122.383
2054.6692
5513.818
11163.1455
16592.162
20836.223
21244.088
15269.434
11779.239
5742.6265
7422.1553
13349.867
15006.55
17910.34
22677.055
17224.623
12752.338
7913.7905
5868.649
4483.0996
16495.729
16154.153
16415.76
20496.197
15999.462
8402.222
3732.8132
7536.064
9733.596
11945.308
17865.012
15332.515
19342.555
12644.611
6689.448
6260.685
11054.507
13702.426
17812.467
22755.063
16600.727
12323.578
11605.836
3317.026
9379.412
17056.805
20526.197
21552.05
16427.152
13022.986
11597.31
1916.5583
6844.427
12810.56
17837.18
20641.479
20050.758
11662.815
12710.25
6311.0015
2930.4048
12227.336
17481.38
26090.629
20755.379
20242.99
8391.679
3050.5942
3257.7383
16254.014
13586.56
12630.0625
20230.363
22693.137
14505.621
7352.558
5660.011
5759.8076
20479.992
17637.174
18388.906
21607.898
12394.274
7342.965
